Lung_M1_*.hairpin	Lung_M3_*.hairpin	Lung_M2_*.hairpin	Lung_F3_*.hairpin	Lung_F2_*.hairpin	Lung_F1_*.hairpin
Lung_M1_*.hairpin	0	24.1429044575616	25.1821795231112	34.5283082845537	31.1202568508349	32.2541353914121
Lung_M3_*.hairpin	24.1429044575616	0	23.0051267317897	35.7743077442444	28.8634320477107	32.705934226867
Lung_M2_*.hairpin	25.1821795231112	23.0051267317897	0	35.7129547323571	30.8001746811012	30.8855251045504
Lung_F3_*.hairpin	34.5283082845537	35.7743077442444	35.7129547323571	0	29.7836208713852	31.6348071886565
Lung_F2_*.hairpin	31.1202568508349	28.8634320477107	30.8001746811012	29.7836208713852	0	26.8564786664797
Lung_F1_*.hairpin	32.2541353914121	32.705934226867	30.8855251045504	31.6348071886565	26.8564786664797	0
