Lung_M2_*.mature	Lung_M3_*.mature	Lung_M1_*.mature	Lung_F3_*.mature	Lung_F1_*.mature	Lung_F2_*.mature
Lung_M2_*.mature	0	22.9557901024735	21.8525579296991	34.5012244662813	31.7447382803678	33.6638541588081
Lung_M3_*.mature	22.9557901024735	0	21.5596005671193	35.557882657128	32.796874057775	31.2792866620839
Lung_M1_*.mature	21.8525579296991	21.5596005671193	0	35.0021212977106	32.7978307711339	33.1249874488011
Lung_F3_*.mature	34.5012244662813	35.557882657128	35.0021212977106	0	31.3710586415989	31.7663410670373
Lung_F1_*.mature	31.7447382803678	32.796874057775	32.7978307711339	31.3710586415989	0	27.840159256249
Lung_F2_*.mature	33.6638541588081	31.2792866620839	33.1249874488011	31.7663410670373	27.840159256249	0
